57610.0, {'gneJ207': 0.0}, {'gneJ207': 0}, {'gneJ207': 0}, 
57620.0, {'gneJ207': 0.0}, {'gneJ207': 0}, {'gneJ207': 0}, 
57630.0, {'gneJ207': -0.004464286}, {'gneJ207': 1}, {'gneJ207': 1}, 
57640.0, {'gneJ207': 0.0}, {'gneJ207': 0}, {'gneJ207': 0}, 
57650.0, {'gneJ207': -0.071428575}, {'gneJ207': 1}, {'gneJ207': 5}, 
57660.0, {'gneJ207': 0.0}, {'gneJ207': 0}, {'gneJ207': 0}, 
57670.0, {'gneJ207': -0.03125}, {'gneJ207': 1}, {'gneJ207': 1}, 
57680.0, {'gneJ207': -0.004464286}, {'gneJ207': 1}, {'gneJ207': 1}, 
57690.0, {'gneJ207': -0.08035714}, {'gneJ207': 2}, {'gneJ207': 4}, 
57700.0, {'gneJ207': -0.09375}, {'gneJ207': 1}, {'gneJ207': 1}, 
57710.0, {'gneJ207': -0.13839285}, {'gneJ207': 1}, {'gneJ207': 1}, 
57720.0, {'gneJ207': -0.30357143}, {'gneJ207': 5}, {'gneJ207': 7}, 
57730.0, {'gneJ207': -0.22767857}, {'gneJ207': 7}, {'gneJ207': 8}, 
57740.0, {'gneJ207': -0.3482143}, {'gneJ207': 6}, {'gneJ207': 7}, 
57750.0, {'gneJ207': -0.4330357}, {'gneJ207': 4}, {'gneJ207': 5}, 
57760.0, {'gneJ207': -0.29464287}, {'gneJ207': 2}, {'gneJ207': 3}, 
57770.0, {'gneJ207': -0.4732143}, {'gneJ207': 6}, {'gneJ207': 8}, 
57780.0, {'gneJ207': -0.3482143}, {'gneJ207': 9}, {'gneJ207': 10}, 
57790.0, {'gneJ207': -0.51339287}, {'gneJ207': 7}, {'gneJ207': 7}, 
57800.0, {'gneJ207': -0.4419643}, {'gneJ207': 4}, {'gneJ207': 5}, 
57810.0, {'gneJ207': -0.6651786}, {'gneJ207': 4}, {'gneJ207': 5}, 
57820.0, {'gneJ207': -0.375}, {'gneJ207': 2}, {'gneJ207': 2}, 
57830.0, {'gneJ207': 0.0}, {'gneJ207': 0}, {'gneJ207': 0}, 
57840.0, {'gneJ207': 0.0}, {'gneJ207': 0}, {'gneJ207': 0}, 
57850.0, {'gneJ207': -0.0625}, {'gneJ207': 3}, {'gneJ207': 4}, 
57860.0, {'gneJ207': -0.05357143}, {'gneJ207': 1}, {'gneJ207': 1}, 
57870.0, {'gneJ207': 0.0}, {'gneJ207': 0}, {'gneJ207': 0}, 
57880.0, {'gneJ207': 0.0}, {'gneJ207': 0}, {'gneJ207': 0}, 
57890.0, {'gneJ207': 0.0}, {'gneJ207': 0}, {'gneJ207': 0}, 
57900.0, {'gneJ207': 0.0}, {'gneJ207': 0}, {'gneJ207': 0}, 
57910.0, {'gneJ207': 0.0}, {'gneJ207': 0}, {'gneJ207': 0}, 
57920.0, {'gneJ207': 0.0}, {'gneJ207': 0}, {'gneJ207': 0}, 
57930.0, {'gneJ207': -0.008928572}, {'gneJ207': 1}, {'gneJ207': 1}, 
57940.0, {'gneJ207': -0.05357143}, {'gneJ207': 1}, {'gneJ207': 1}, 
57950.0, {'gneJ207': -0.02232143}, {'gneJ207': 1}, {'gneJ207': 1}, 
57960.0, {'gneJ207': 0.0}, {'gneJ207': 0}, {'gneJ207': 0}, 
57970.0, {'gneJ207': -0.008928572}, {'gneJ207': 1}, {'gneJ207': 1}, 
57980.0, {'gneJ207': 0.0}, {'gneJ207': 0}, {'gneJ207': 0}, 
57990.0, {'gneJ207': -0.04464286}, {'gneJ207': 1}, {'gneJ207': 1}, 
58000.0, {'gneJ207': 0.0}, {'gneJ207': 0}, {'gneJ207': 0}, 
58010.0, {'gneJ207': -0.026785715}, {'gneJ207': 2}, {'gneJ207': 2}, 
58020.0, {'gneJ207': -0.08035714}, {'gneJ207': 1}, {'gneJ207': 2}, 
58030.0, {'gneJ207': -0.084821425}, {'gneJ207': 1}, {'gneJ207': 2}, 
58040.0, {'gneJ207': -0.058035713}, {'gneJ207': 1}, {'gneJ207': 1}, 
58050.0, {'gneJ207': -0.026785715}, {'gneJ207': 1}, {'gneJ207': 1}, 
58060.0, {'gneJ207': 0.0}, {'gneJ207': 0}, {'gneJ207': 0}, 
58070.0, {'gneJ207': -0.017857144}, {'gneJ207': 1}, {'gneJ207': 1}, 
58080.0, {'gneJ207': -0.03125}, {'gneJ207': 1}, {'gneJ207': 2}, 
58090.0, {'gneJ207': -0.04910714}, {'gneJ207': 1}, {'gneJ207': 1}, 
58100.0, {'gneJ207': -0.017857144}, {'gneJ207': 1}, {'gneJ207': 1}, 
58110.0, {'gneJ207': 0.0}, {'gneJ207': 0}, {'gneJ207': 0}, 
58120.0, {'gneJ207': -0.02232143}, {'gneJ207': 1}, {'gneJ207': 1}, 
58130.0, {'gneJ207': -0.084821425}, {'gneJ207': 1}, {'gneJ207': 2}, 
58140.0, {'gneJ207': -0.17410715}, {'gneJ207': 1}, {'gneJ207': 2}, 
58150.0, {'gneJ207': -0.26339287}, {'gneJ207': 1}, {'gneJ207': 2}, 
58160.0, {'gneJ207': 0.0}, {'gneJ207': 0}, {'gneJ207': 0}, 
58170.0, {'gneJ207': -0.04017857}, {'gneJ207': 2}, {'gneJ207': 3}, 
58180.0, {'gneJ207': 0.0}, {'gneJ207': 0}, {'gneJ207': 0}, 
58190.0, {'gneJ207': -0.035714287}, {'gneJ207': 1}, {'gneJ207': 2}, 
58200.0, {'gneJ207': 0.0}, {'gneJ207': 0}, {'gneJ207': 0}, 
58210.0, {'gneJ207': -0.035714287}, {'gneJ207': 1}, {'gneJ207': 2}, 
58220.0, {'gneJ207': -0.116071425}, {'gneJ207': 1}, {'gneJ207': 3}, 
58230.0, {'gneJ207': -0.08035714}, {'gneJ207': 1}, {'gneJ207': 2}, 
58240.0, {'gneJ207': -0.058035713}, {'gneJ207': 1}, {'gneJ207': 1}, 
58250.0, {'gneJ207': -0.102678575}, {'gneJ207': 1}, {'gneJ207': 1}, 
58260.0, {'gneJ207': -0.035714287}, {'gneJ207': 2}, {'gneJ207': 3}, 
58270.0, {'gneJ207': -0.04017857}, {'gneJ207': 1}, {'gneJ207': 2}, 
58280.0, {'gneJ207': -0.017857144}, {'gneJ207': 1}, {'gneJ207': 2}, 
58290.0, {'gneJ207': -0.058035713}, {'gneJ207': 2}, {'gneJ207': 3}, 
58300.0, {'gneJ207': -0.116071425}, {'gneJ207': 1}, {'gneJ207': 2}, 
58310.0, {'gneJ207': -0.09821428}, {'gneJ207': 2}, {'gneJ207': 5}, 
58320.0, {'gneJ207': 0.0}, {'gneJ207': 0}, {'gneJ207': 0}, 
58330.0, {'gneJ207': -0.06696428}, {'gneJ207': 2}, {'gneJ207': 3}, 
58340.0, {'gneJ207': 0.0}, {'gneJ207': 0}, {'gneJ207': 0}, 
58350.0, {'gneJ207': -0.02232143}, {'gneJ207': 1}, {'gneJ207': 1}, 
58360.0, {'gneJ207': -0.017857144}, {'gneJ207': 1}, {'gneJ207': 1}, 
58370.0, {'gneJ207': -0.03125}, {'gneJ207': 1}, {'gneJ207': 2}, 
58380.0, {'gneJ207': -0.058035713}, {'gneJ207': 1}, {'gneJ207': 2}, 
58390.0, {'gneJ207': -0.15625}, {'gneJ207': 1}, {'gneJ207': 3}, 
58400.0, {'gneJ207': -0.013392857}, {'gneJ207': 1}, {'gneJ207': 1}, 
58410.0, {'gneJ207': -0.013392857}, {'gneJ207': 1}, {'gneJ207': 1}, 
58420.0, {'gneJ207': -0.10714286}, {'gneJ207': 2}, {'gneJ207': 4}, 
58430.0, {'gneJ207': 0.0}, {'gneJ207': 0}, {'gneJ207': 0}, 
58440.0, {'gneJ207': -0.058035713}, {'gneJ207': 2}, {'gneJ207': 3}, 
58450.0, {'gneJ207': 0.0}, {'gneJ207': 0}, {'gneJ207': 0}, 
58460.0, {'gneJ207': 0.0}, {'gneJ207': 0}, {'gneJ207': 0}, 
58470.0, {'gneJ207': -0.06696428}, {'gneJ207': 2}, {'gneJ207': 3}, 
58480.0, {'gneJ207': -0.02232143}, {'gneJ207': 1}, {'gneJ207': 1}, 
58490.0, {'gneJ207': -0.06696428}, {'gneJ207': 1}, {'gneJ207': 1}, 
58500.0, {'gneJ207': 0.0}, {'gneJ207': 0}, {'gneJ207': 0}, 
58510.0, {'gneJ207': -0.017857144}, {'gneJ207': 1}, {'gneJ207': 1}, 
58520.0, {'gneJ207': -0.08035714}, {'gneJ207': 1}, {'gneJ207': 3}, 
58530.0, {'gneJ207': -0.10714286}, {'gneJ207': 1}, {'gneJ207': 1}, 
58540.0, {'gneJ207': -0.15178572}, {'gneJ207': 1}, {'gneJ207': 1}, 
58550.0, {'gneJ207': -0.19642857}, {'gneJ207': 1}, {'gneJ207': 1}, 
58560.0, {'gneJ207': -0.0625}, {'gneJ207': 2}, {'gneJ207': 3}, 
58570.0, {'gneJ207': -0.026785715}, {'gneJ207': 1}, {'gneJ207': 1}, 
58580.0, {'gneJ207': -0.026785715}, {'gneJ207': 1}, {'gneJ207': 1}, 
58590.0, {'gneJ207': 0.0}, {'gneJ207': 0}, {'gneJ207': 0}, 
58600.0, {'gneJ207': 0.0}, {'gneJ207': 0}, {'gneJ207': 0}, 
58610.0, {'gneJ207': -0.017857144}, {'gneJ207': 1}, {'gneJ207': 2}, 
58620.0, {'gneJ207': 0.0}, {'gneJ207': 0}, {'gneJ207': 0}, 
58630.0, {'gneJ207': 0.0}, {'gneJ207': 0}, {'gneJ207': 0}, 
58640.0, {'gneJ207': 0.0}, {'gneJ207': 0}, {'gneJ207': 0}, 
58650.0, {'gneJ207': -0.04017857}, {'gneJ207': 1}, {'gneJ207': 3}, 
58660.0, {'gneJ207': 0.0}, {'gneJ207': 0}, {'gneJ207': 0}, 
58670.0, {'gneJ207': 0.0}, {'gneJ207': 0}, {'gneJ207': 0}, 
58680.0, {'gneJ207': 0.0}, {'gneJ207': 0}, {'gneJ207': 0}, 
58690.0, {'gneJ207': 0.0}, {'gneJ207': 0}, {'gneJ207': 0}, 
58700.0, {'gneJ207': 0.0}, {'gneJ207': 0}, {'gneJ207': 0}, 
58710.0, {'gneJ207': -0.07589286}, {'gneJ207': 1}, {'gneJ207': 2}, 
58720.0, {'gneJ207': -0.116071425}, {'gneJ207': 1}, {'gneJ207': 2}, 
58730.0, {'gneJ207': 0.0}, {'gneJ207': 0}, {'gneJ207': 0}, 
58740.0, {'gneJ207': 0.0}, {'gneJ207': 0}, {'gneJ207': 0}, 
58750.0, {'gneJ207': -0.008928572}, {'gneJ207': 1}, {'gneJ207': 1}, 
58760.0, {'gneJ207': -0.05357143}, {'gneJ207': 1}, {'gneJ207': 1}, 
58770.0, {'gneJ207': -0.09821428}, {'gneJ207': 1}, {'gneJ207': 1}, 
58780.0, {'gneJ207': 0.0}, {'gneJ207': 0}, {'gneJ207': 0}, 
58790.0, {'gneJ207': 0.0}, {'gneJ207': 0}, {'gneJ207': 0}, 
58800.0, {'gneJ207': -0.102678575}, {'gneJ207': 2}, {'gneJ207': 3}, 
58810.0, {'gneJ207': 0.0}, {'gneJ207': 0}, {'gneJ207': 0}, 
58820.0, {'gneJ207': -0.008928572}, {'gneJ207': 1}, {'gneJ207': 1}, 
58830.0, {'gneJ207': -0.13839285}, {'gneJ207': 3}, {'gneJ207': 5}, 
58840.0, {'gneJ207': -0.4017857}, {'gneJ207': 3}, {'gneJ207': 6}, 
58850.0, {'gneJ207': 0.0}, {'gneJ207': 0}, {'gneJ207': 0}, 
58860.0, {'gneJ207': -0.04910714}, {'gneJ207': 1}, {'gneJ207': 3}, 
58870.0, {'gneJ207': 0.0}, {'gneJ207': 0}, {'gneJ207': 0}, 
58880.0, {'gneJ207': -0.026785715}, {'gneJ207': 1}, {'gneJ207': 2}, 
58890.0, {'gneJ207': -0.035714287}, {'gneJ207': 1}, {'gneJ207': 1}, 
58900.0, {'gneJ207': -0.08035714}, {'gneJ207': 1}, {'gneJ207': 1}, 
58910.0, {'gneJ207': -0.058035713}, {'gneJ207': 2}, {'gneJ207': 3}, 
58920.0, {'gneJ207': -0.02232143}, {'gneJ207': 2}, {'gneJ207': 2}, 
58930.0, {'gneJ207': -0.04910714}, {'gneJ207': 1}, {'gneJ207': 1}, 
58940.0, {'gneJ207': -0.084821425}, {'gneJ207': 2}, {'gneJ207': 5}, 
58950.0, {'gneJ207': 0.0}, {'gneJ207': 0}, {'gneJ207': 0}, 
58960.0, {'gneJ207': 0.0}, {'gneJ207': 0}, {'gneJ207': 0}, 
58970.0, {'gneJ207': 0.0}, {'gneJ207': 0}, {'gneJ207': 0}, 
58980.0, {'gneJ207': -0.04464286}, {'gneJ207': 2}, {'gneJ207': 2}, 
58990.0, {'gneJ207': -0.16517857}, {'gneJ207': 2}, {'gneJ207': 3}, 
59000.0, {'gneJ207': 0.0}, {'gneJ207': 0}, {'gneJ207': 0}, 
59010.0, {'gneJ207': -0.071428575}, {'gneJ207': 1}, {'gneJ207': 2}, 
59020.0, {'gneJ207': -0.16071428}, {'gneJ207': 1}, {'gneJ207': 2}, 
59030.0, {'gneJ207': -0.04910714}, {'gneJ207': 2}, {'gneJ207': 4}, 
59040.0, {'gneJ207': -0.3080357}, {'gneJ207': 2}, {'gneJ207': 6}, 
59050.0, {'gneJ207': 0.0}, {'gneJ207': 0}, {'gneJ207': 0}, 
59060.0, {'gneJ207': 0.0}, {'gneJ207': 0}, {'gneJ207': 0}, 
59070.0, {'gneJ207': -0.02232143}, {'gneJ207': 1}, {'gneJ207': 1}, 
59080.0, {'gneJ207': -0.013392857}, {'gneJ207': 1}, {'gneJ207': 1}, 
59090.0, {'gneJ207': -0.02232143}, {'gneJ207': 1}, {'gneJ207': 1}, 
59100.0, {'gneJ207': -0.06696428}, {'gneJ207': 1}, {'gneJ207': 1}, 
59110.0, {'gneJ207': -0.0625}, {'gneJ207': 2}, {'gneJ207': 2}, 
59120.0, {'gneJ207': -0.19642857}, {'gneJ207': 3}, {'gneJ207': 6}, 
59130.0, {'gneJ207': -0.375}, {'gneJ207': 3}, {'gneJ207': 7}, 
59140.0, {'gneJ207': -0.4419643}, {'gneJ207': 3}, {'gneJ207': 6}, 
59150.0, {'gneJ207': -0.13839285}, {'gneJ207': 1}, {'gneJ207': 1}, 
59160.0, {'gneJ207': -0.035714287}, {'gneJ207': 1}, {'gneJ207': 2}, 
59170.0, {'gneJ207': -0.18303572}, {'gneJ207': 2}, {'gneJ207': 5}, 
59180.0, {'gneJ207': -0.42857143}, {'gneJ207': 4}, {'gneJ207': 7}, 
59190.0, {'gneJ207': -0.071428575}, {'gneJ207': 1}, {'gneJ207': 2}, 
59200.0, {'gneJ207': -0.058035713}, {'gneJ207': 1}, {'gneJ207': 1}, 
59210.0, {'gneJ207': -0.04017857}, {'gneJ207': 1}, {'gneJ207': 2}, 
59220.0, {'gneJ207': -0.17410715}, {'gneJ207': 2}, {'gneJ207': 3}, 
59230.0, {'gneJ207': 0.0}, {'gneJ207': 0}, {'gneJ207': 0}, 
59240.0, {'gneJ207': 0.0}, {'gneJ207': 0}, {'gneJ207': 0}, 
59250.0, {'gneJ207': 0.0}, {'gneJ207': 0}, {'gneJ207': 0}, 
59260.0, {'gneJ207': 0.0}, {'gneJ207': 0}, {'gneJ207': 0}, 
59270.0, {'gneJ207': -0.09821428}, {'gneJ207': 2}, {'gneJ207': 4}, 
59280.0, {'gneJ207': 0.0}, {'gneJ207': 0}, {'gneJ207': 0}, 
59290.0, {'gneJ207': 0.0}, {'gneJ207': 0}, {'gneJ207': 0}, 
59300.0, {'gneJ207': -0.05357143}, {'gneJ207': 2}, {'gneJ207': 2}, 
59310.0, {'gneJ207': 0.0}, {'gneJ207': 0}, {'gneJ207': 0}, 
59320.0, {'gneJ207': 0.0}, {'gneJ207': 0}, {'gneJ207': 0}, 
59330.0, {'gneJ207': -0.026785715}, {'gneJ207': 1}, {'gneJ207': 2}, 
59340.0, {'gneJ207': -0.15625}, {'gneJ207': 2}, {'gneJ207': 3}, 
59350.0, {'gneJ207': 0.0}, {'gneJ207': 0}, {'gneJ207': 0}, 
59360.0, {'gneJ207': -0.026785715}, {'gneJ207': 1}, {'gneJ207': 1}, 
59370.0, {'gneJ207': 0.0}, {'gneJ207': 0}, {'gneJ207': 0}, 
59380.0, {'gneJ207': 0.0}, {'gneJ207': 0}, {'gneJ207': 0}, 
59390.0, {'gneJ207': 0.0}, {'gneJ207': 0}, {'gneJ207': 0}, 
59400.0, {'gneJ207': 0.0}, {'gneJ207': 0}, {'gneJ207': 0}, 
59410.0, {'gneJ207': 0.0}, {'gneJ207': 0}, {'gneJ207': 0}, 
59420.0, {'gneJ207': 0.0}, {'gneJ207': 0}, {'gneJ207': 0}, 
59430.0, {'gneJ207': -0.008928572}, {'gneJ207': 1}, {'gneJ207': 1}, 
59440.0, {'gneJ207': -0.05357143}, {'gneJ207': 1}, {'gneJ207': 1}, 
59450.0, {'gneJ207': -0.026785715}, {'gneJ207': 1}, {'gneJ207': 2}, 
59460.0, {'gneJ207': -0.026785715}, {'gneJ207': 1}, {'gneJ207': 1}, 
59470.0, {'gneJ207': -0.071428575}, {'gneJ207': 1}, {'gneJ207': 1}, 
59480.0, {'gneJ207': -0.017857144}, {'gneJ207': 1}, {'gneJ207': 1}, 
59490.0, {'gneJ207': -0.026785715}, {'gneJ207': 1}, {'gneJ207': 1}, 
59500.0, {'gneJ207': -0.071428575}, {'gneJ207': 1}, {'gneJ207': 1}, 
59510.0, {'gneJ207': -0.116071425}, {'gneJ207': 1}, {'gneJ207': 1}, 
59520.0, {'gneJ207': -0.017857144}, {'gneJ207': 1}, {'gneJ207': 1}, 
59530.0, {'gneJ207': -0.035714287}, {'gneJ207': 1}, {'gneJ207': 1}, 
59540.0, {'gneJ207': -0.04464286}, {'gneJ207': 2}, {'gneJ207': 3}, 
59550.0, {'gneJ207': 0.0}, {'gneJ207': 0}, {'gneJ207': 0}, 
59560.0, {'gneJ207': -0.04017857}, {'gneJ207': 1}, {'gneJ207': 1}, 
59570.0, {'gneJ207': -0.04910714}, {'gneJ207': 1}, {'gneJ207': 2}, 
59580.0, {'gneJ207': 0.0}, {'gneJ207': 0}, {'gneJ207': 0}, 
59590.0, {'gneJ207': -0.004464286}, {'gneJ207': 1}, {'gneJ207': 1}, 
59600.0, {'gneJ207': 0.0}, {'gneJ207': 0}, {'gneJ207': 0}, 
59610.0, {'gneJ207': -0.02232143}, {'gneJ207': 1}, {'gneJ207': 1}, 
59620.0, {'gneJ207': 0.0}, {'gneJ207': 0}, {'gneJ207': 0}, 
59630.0, {'gneJ207': -0.04910714}, {'gneJ207': 1}, {'gneJ207': 3}, 
59640.0, {'gneJ207': 0.0}, {'gneJ207': 0}, {'gneJ207': 0}, 
59650.0, {'gneJ207': -0.058035713}, {'gneJ207': 2}, {'gneJ207': 3}, 
59660.0, {'gneJ207': 0.0}, {'gneJ207': 0}, {'gneJ207': 0}, 
59670.0, {'gneJ207': 0.0}, {'gneJ207': 0}, {'gneJ207': 0}, 
59680.0, {'gneJ207': 0.0}, {'gneJ207': 0}, {'gneJ207': 0}, 
59690.0, {'gneJ207': 0.0}, {'gneJ207': 0}, {'gneJ207': 0}, 
59700.0, {'gneJ207': 0.0}, {'gneJ207': 0}, {'gneJ207': 0}, 
59710.0, {'gneJ207': 0.0}, {'gneJ207': 0}, {'gneJ207': 0}, 
59720.0, {'gneJ207': 0.0}, {'gneJ207': 0}, {'gneJ207': 0}, 
59730.0, {'gneJ207': -0.0625}, {'gneJ207': 3}, {'gneJ207': 3}, 
59740.0, {'gneJ207': -0.19642857}, {'gneJ207': 3}, {'gneJ207': 3}, 
59750.0, {'gneJ207': 0.0}, {'gneJ207': 0}, {'gneJ207': 0}, 
59760.0, {'gneJ207': -0.05357143}, {'gneJ207': 2}, {'gneJ207': 2}, 
59770.0, {'gneJ207': -0.058035713}, {'gneJ207': 3}, {'gneJ207': 3}, 
59780.0, {'gneJ207': -0.058035713}, {'gneJ207': 1}, {'gneJ207': 1}, 
59790.0, {'gneJ207': -0.026785715}, {'gneJ207': 1}, {'gneJ207': 1}, 
59800.0, {'gneJ207': 0.0}, {'gneJ207': 0}, {'gneJ207': 0}, 
59810.0, {'gneJ207': -0.017857144}, {'gneJ207': 1}, {'gneJ207': 1}, 
59820.0, {'gneJ207': 0.0}, {'gneJ207': 0}, {'gneJ207': 0}, 
59830.0, {'gneJ207': 0.0}, {'gneJ207': 0}, {'gneJ207': 0}, 
59840.0, {'gneJ207': -0.03125}, {'gneJ207': 2}, {'gneJ207': 2}, 
59850.0, {'gneJ207': -0.20982143}, {'gneJ207': 3}, {'gneJ207': 6}, 
59860.0, {'gneJ207': 0.0}, {'gneJ207': 0}, {'gneJ207': 0}, 
59870.0, {'gneJ207': -0.017857144}, {'gneJ207': 1}, {'gneJ207': 1}, 
59880.0, {'gneJ207': 0.0}, {'gneJ207': 0}, {'gneJ207': 0}, 
59890.0, {'gneJ207': -0.11160714}, {'gneJ207': 4}, {'gneJ207': 6}, 
59900.0, {'gneJ207': -0.04910714}, {'gneJ207': 1}, {'gneJ207': 1}, 
59910.0, {'gneJ207': 0.0}, {'gneJ207': 0}, {'gneJ207': 0}, 
59920.0, {'gneJ207': 0.0}, {'gneJ207': 0}, {'gneJ207': 0}, 
59930.0, {'gneJ207': -0.04017857}, {'gneJ207': 1}, {'gneJ207': 3}, 
59940.0, {'gneJ207': 0.0}, {'gneJ207': 0}, {'gneJ207': 0}, 
59950.0, {'gneJ207': -0.058035713}, {'gneJ207': 2}, {'gneJ207': 2}, 
59960.0, {'gneJ207': 0.0}, {'gneJ207': 0}, {'gneJ207': 0}, 
59970.0, {'gneJ207': 0.0}, {'gneJ207': 0}, {'gneJ207': 0}, 
59980.0, {'gneJ207': 0.0}, {'gneJ207': 0}, {'gneJ207': 0}, 
59990.0, {'gneJ207': 0.0}, {'gneJ207': 0}, {'gneJ207': 0}, 
60000.0, {'gneJ207': -0.07589286}, {'gneJ207': 2}, {'gneJ207': 3}, 
60010.0, {'gneJ207': 0.0}, {'gneJ207': 0}, {'gneJ207': 0}, 
60020.0, {'gneJ207': -0.04017857}, {'gneJ207': 2}, {'gneJ207': 3}, 
60030.0, {'gneJ207': 0.0}, {'gneJ207': 0}, {'gneJ207': 0}, 
60040.0, {'gneJ207': -0.04464286}, {'gneJ207': 1}, {'gneJ207': 1}, 
60050.0, {'gneJ207': 0.0}, {'gneJ207': 0}, {'gneJ207': 0}, 
60060.0, {'gneJ207': -0.017857144}, {'gneJ207': 1}, {'gneJ207': 1}, 
60070.0, {'gneJ207': -0.004464286}, {'gneJ207': 1}, {'gneJ207': 1}, 
60080.0, {'gneJ207': 0.0}, {'gneJ207': 0}, {'gneJ207': 0}, 
60090.0, {'gneJ207': 0.0}, {'gneJ207': 0}, {'gneJ207': 0}, 
60100.0, {'gneJ207': -0.03125}, {'gneJ207': 2}, {'gneJ207': 2}, 
60110.0, {'gneJ207': -0.12053572}, {'gneJ207': 2}, {'gneJ207': 2}, 
60120.0, {'gneJ207': -0.102678575}, {'gneJ207': 1}, {'gneJ207': 1}, 
60130.0, {'gneJ207': -0.06696428}, {'gneJ207': 1}, {'gneJ207': 2}, 
60140.0, {'gneJ207': -0.03125}, {'gneJ207': 1}, {'gneJ207': 1}, 
60150.0, {'gneJ207': -0.08928572}, {'gneJ207': 2}, {'gneJ207': 4}, 
60160.0, {'gneJ207': -0.02232143}, {'gneJ207': 1}, {'gneJ207': 1}, 
60170.0, {'gneJ207': -0.06696428}, {'gneJ207': 1}, {'gneJ207': 1}, 
60180.0, {'gneJ207': -0.0625}, {'gneJ207': 2}, {'gneJ207': 3}, 
60190.0, {'gneJ207': -0.02232143}, {'gneJ207': 2}, {'gneJ207': 2}, 
60200.0, {'gneJ207': -0.11160714}, {'gneJ207': 2}, {'gneJ207': 2}, 
60210.0, {'gneJ207': -0.04464286}, {'gneJ207': 1}, {'gneJ207': 2}, 
60220.0, {'gneJ207': -0.06696428}, {'gneJ207': 2}, {'gneJ207': 2}, 
60230.0, {'gneJ207': -0.0625}, {'gneJ207': 1}, {'gneJ207': 3}, 
60240.0, {'gneJ207': -0.09821428}, {'gneJ207': 1}, {'gneJ207': 3}, 
60250.0, {'gneJ207': -0.07589286}, {'gneJ207': 2}, {'gneJ207': 2}, 
60260.0, {'gneJ207': -0.04910714}, {'gneJ207': 2}, {'gneJ207': 3}, 
60270.0, {'gneJ207': -0.026785715}, {'gneJ207': 1}, {'gneJ207': 1}, 
60280.0, {'gneJ207': -0.004464286}, {'gneJ207': 1}, {'gneJ207': 1}, 
60290.0, {'gneJ207': -0.03125}, {'gneJ207': 2}, {'gneJ207': 2}, 
60300.0, {'gneJ207': -0.12053572}, {'gneJ207': 2}, {'gneJ207': 2}, 
60310.0, {'gneJ207': -0.10714286}, {'gneJ207': 1}, {'gneJ207': 2}, 
60320.0, {'gneJ207': -0.22321428}, {'gneJ207': 2}, {'gneJ207': 4}, 
60330.0, {'gneJ207': -0.2544643}, {'gneJ207': 2}, {'gneJ207': 2}, 
60340.0, {'gneJ207': -0.08035714}, {'gneJ207': 2}, {'gneJ207': 2}, 
60350.0, {'gneJ207': -0.04910714}, {'gneJ207': 2}, {'gneJ207': 2}, 
60360.0, {'gneJ207': -0.09821428}, {'gneJ207': 1}, {'gneJ207': 3}, 
60370.0, {'gneJ207': -0.12946428}, {'gneJ207': 2}, {'gneJ207': 2}, 
60380.0, {'gneJ207': -0.004464286}, {'gneJ207': 1}, {'gneJ207': 1}, 
60390.0, {'gneJ207': -0.05357143}, {'gneJ207': 1}, {'gneJ207': 2}, 
60400.0, {'gneJ207': -0.035714287}, {'gneJ207': 1}, {'gneJ207': 1}, 
60410.0, {'gneJ207': -0.08035714}, {'gneJ207': 1}, {'gneJ207': 1}, 
60420.0, {'gneJ207': -0.04910714}, {'gneJ207': 1}, {'gneJ207': 3}, 
60430.0, {'gneJ207': 0.0}, {'gneJ207': 0}, {'gneJ207': 0}, 
60440.0, {'gneJ207': -0.058035713}, {'gneJ207': 2}, {'gneJ207': 2}, 
60450.0, {'gneJ207': -0.14732143}, {'gneJ207': 2}, {'gneJ207': 2}, 
60460.0, {'gneJ207': -0.013392857}, {'gneJ207': 1}, {'gneJ207': 1}, 
60470.0, {'gneJ207': 0.0}, {'gneJ207': 0}, {'gneJ207': 0}, 
60480.0, {'gneJ207': -0.04464286}, {'gneJ207': 2}, {'gneJ207': 3}, 
60490.0, {'gneJ207': 0.0}, {'gneJ207': 0}, {'gneJ207': 0}, 
60500.0, {'gneJ207': 0.0}, {'gneJ207': 0}, {'gneJ207': 0}, 
60510.0, {'gneJ207': -0.03125}, {'gneJ207': 1}, {'gneJ207': 2}, 
60520.0, {'gneJ207': -0.20535715}, {'gneJ207': 2}, {'gneJ207': 5}, 
60530.0, {'gneJ207': 0.0}, {'gneJ207': 0}, {'gneJ207': 0}, 
60540.0, {'gneJ207': -0.06696428}, {'gneJ207': 1}, {'gneJ207': 3}, 
60550.0, {'gneJ207': 0.0}, {'gneJ207': 0}, {'gneJ207': 0}, 
60560.0, {'gneJ207': -0.02232143}, {'gneJ207': 1}, {'gneJ207': 1}, 
60570.0, {'gneJ207': -0.06696428}, {'gneJ207': 1}, {'gneJ207': 1}, 
60580.0, {'gneJ207': -0.11160714}, {'gneJ207': 1}, {'gneJ207': 1}, 
60590.0, {'gneJ207': -0.21875}, {'gneJ207': 2}, {'gneJ207': 4}, 
60600.0, {'gneJ207': 0.0}, {'gneJ207': 0}, {'gneJ207': 0}, 
60610.0, {'gneJ207': -0.03125}, {'gneJ207': 1}, {'gneJ207': 1}, 
60620.0, {'gneJ207': -0.07589286}, {'gneJ207': 1}, {'gneJ207': 1}, 
60630.0, {'gneJ207': -0.20535715}, {'gneJ207': 2}, {'gneJ207': 5}, 
60640.0, {'gneJ207': 0.0}, {'gneJ207': 0}, {'gneJ207': 0}, 
60650.0, {'gneJ207': 0.0}, {'gneJ207': 0}, {'gneJ207': 0}, 
60660.0, {'gneJ207': -0.017857144}, {'gneJ207': 1}, {'gneJ207': 1}, 
60670.0, {'gneJ207': -0.05357143}, {'gneJ207': 1}, {'gneJ207': 2}, 
60680.0, {'gneJ207': -0.008928572}, {'gneJ207': 1}, {'gneJ207': 1}, 
60690.0, {'gneJ207': -0.05357143}, {'gneJ207': 1}, {'gneJ207': 2}, 
60700.0, {'gneJ207': -0.04910714}, {'gneJ207': 2}, {'gneJ207': 3}, 
60710.0, {'gneJ207': 0.0}, {'gneJ207': 0}, {'gneJ207': 0}, 
60720.0, {'gneJ207': -0.0625}, {'gneJ207': 1}, {'gneJ207': 4}, 
60730.0, {'gneJ207': -0.008928572}, {'gneJ207': 1}, {'gneJ207': 1}, 
60740.0, {'gneJ207': 0.0}, {'gneJ207': 0}, {'gneJ207': 0}, 
60750.0, {'gneJ207': 0.0}, {'gneJ207': 0}, {'gneJ207': 0}, 
60760.0, {'gneJ207': 0.0}, {'gneJ207': 0}, {'gneJ207': 0}, 
60770.0, {'gneJ207': -0.02232143}, {'gneJ207': 2}, {'gneJ207': 2}, 
60780.0, {'gneJ207': -0.14732143}, {'gneJ207': 2}, {'gneJ207': 3}, 
60790.0, {'gneJ207': -0.017857144}, {'gneJ207': 1}, {'gneJ207': 1}, 
60800.0, {'gneJ207': -0.05357143}, {'gneJ207': 2}, {'gneJ207': 4}, 
60810.0, {'gneJ207': -0.026785715}, {'gneJ207': 1}, {'gneJ207': 1}, 
60820.0, {'gneJ207': -0.071428575}, {'gneJ207': 1}, {'gneJ207': 1}, 
60830.0, {'gneJ207': -0.071428575}, {'gneJ207': 2}, {'gneJ207': 3}, 
60840.0, {'gneJ207': 0.0}, {'gneJ207': 0}, {'gneJ207': 0}, 
60850.0, {'gneJ207': -0.004464286}, {'gneJ207': 1}, {'gneJ207': 1}, 
60860.0, {'gneJ207': -0.04910714}, {'gneJ207': 1}, {'gneJ207': 1}, 
60870.0, {'gneJ207': -0.03125}, {'gneJ207': 1}, {'gneJ207': 2}, 
60880.0, {'gneJ207': 0.0}, {'gneJ207': 0}, {'gneJ207': 0}, 
60890.0, {'gneJ207': -0.12053572}, {'gneJ207': 2}, {'gneJ207': 6}, 
60900.0, {'gneJ207': -0.27232143}, {'gneJ207': 4}, {'gneJ207': 7}, 
60910.0, {'gneJ207': -0.65178573}, {'gneJ207': 5}, {'gneJ207': 10}, 
60920.0, {'gneJ207': -0.25892857}, {'gneJ207': 2}, {'gneJ207': 5}, 
60930.0, {'gneJ207': -0.102678575}, {'gneJ207': 2}, {'gneJ207': 2}, 
60940.0, {'gneJ207': -0.19196428}, {'gneJ207': 2}, {'gneJ207': 2}, 
60950.0, {'gneJ207': -0.004464286}, {'gneJ207': 1}, {'gneJ207': 1}, 
60960.0, {'gneJ207': -0.084821425}, {'gneJ207': 2}, {'gneJ207': 2}, 
60970.0, {'gneJ207': -0.18303572}, {'gneJ207': 2}, {'gneJ207': 3}, 
60980.0, {'gneJ207': 0.0}, {'gneJ207': 0}, {'gneJ207': 0}, 
60990.0, {'gneJ207': 0.0}, {'gneJ207': 0}, {'gneJ207': 0}, 
61000.0, {'gneJ207': 0.0}, {'gneJ207': 0}, {'gneJ207': 0}, 
61010.0, {'gneJ207': 0.0}, {'gneJ207': 0}, {'gneJ207': 0}, 
61020.0, {'gneJ207': 0.0}, {'gneJ207': 0}, {'gneJ207': 0}, 
61030.0, {'gneJ207': 0.0}, {'gneJ207': 0}, {'gneJ207': 0}, 
61040.0, {'gneJ207': -0.004464286}, {'gneJ207': 1}, {'gneJ207': 1}, 
61050.0, {'gneJ207': 0.0}, {'gneJ207': 0}, {'gneJ207': 0}, 
61060.0, {'gneJ207': -0.008928572}, {'gneJ207': 1}, {'gneJ207': 1}, 
61070.0, {'gneJ207': -0.058035713}, {'gneJ207': 1}, {'gneJ207': 2}, 
61080.0, {'gneJ207': -0.17410715}, {'gneJ207': 2}, {'gneJ207': 6}, 
61090.0, {'gneJ207': -0.32589287}, {'gneJ207': 2}, {'gneJ207': 5}, 
61100.0, {'gneJ207': -0.071428575}, {'gneJ207': 1}, {'gneJ207': 1}, 
61110.0, {'gneJ207': -0.116071425}, {'gneJ207': 1}, {'gneJ207': 1}, 
61120.0, {'gneJ207': -0.03125}, {'gneJ207': 1}, {'gneJ207': 1}, 
61130.0, {'gneJ207': -0.07589286}, {'gneJ207': 1}, {'gneJ207': 1}, 
61140.0, {'gneJ207': 0.0}, {'gneJ207': 0}, {'gneJ207': 0}, 
61150.0, {'gneJ207': 0.0}, {'gneJ207': 0}, {'gneJ207': 0}, 
61160.0, {'gneJ207': 0.0}, {'gneJ207': 0}, {'gneJ207': 0}, 
61170.0, {'gneJ207': 0.0}, {'gneJ207': 0}, {'gneJ207': 0}, 
61180.0, {'gneJ207': 0.0}, {'gneJ207': 0}, {'gneJ207': 0}, 
61190.0, {'gneJ207': 0.0}, {'gneJ207': 0}, {'gneJ207': 0}, 
61200.0, {'gneJ207': 0.0}, {'gneJ207': 0}, {'gneJ207': 0}, 
